              precision    recall  f1-score   support

           0     0.9909    0.9980    0.9944       980
           1     0.9956    0.9947    0.9952      1135
           2     0.9913    0.9942    0.9927      1032
           3     0.9825    0.9980    0.9902      1010
           4     0.9959    0.9847    0.9903       982
           5     0.9899    0.9865    0.9882       892
           6     0.9937    0.9864    0.9900       958
           7     0.9961    0.9874    0.9917      1028
           8     0.9868    0.9949    0.9908       974
           9     0.9871    0.9841    0.9856      1009

    accuracy                         0.9910     10000
   macro avg     0.9910    0.9909    0.9909     10000
weighted avg     0.9910    0.9910    0.9910     10000
